	1	2	3	4	5	6	7	8	9	10	11	12	13	14	15	16	17	18	19	20	21	22	23	24	25	26
Sample_X_1	0.017	0.0	0.0	0.0	0.0	0.0	0.0	0.0	0.0	0.0	0.0	0.0	0.0	0.0	0.0	0.0	0.0	0.0	0.0	0.0	0.0	0.0	0.0	0.002	0.0	0.0
	1	2	3	4	5	6	7	8	9	10	12	14	16	18	20	22	24	26	28	30	32	34	36	38	40	42	44	46	48	50	52	54	56	58	60	62	64	66	68	70	72	74	76	78	80	82	84	86	88	90
Sample_X_2	0.155	0.0	0.0	0.042	0.0	0.023	0.0	0.024	0.0	0.017499999999999998	0.0075	0.0225	0.0165	0.0165	0.0245	0.0195	0.021	0.0215	0.0275	0.027999999999999997	0.0225	0.016	0.041	0.0455	0.051500000000000004	0.0135	0.0185	0.040499999999999994	0.0245	0.053	0.0725	0.022000000000000002	0.0265	0.011000000000000001	0.0	0.0	0.0	0.0	0.0	0.001	0.0155	0.0085	0.0	0.0	0.0	0.0	0.0	0.002	0.0085	0.016
	1	2	3	4	5	6	7	8	9	10	11	12	13	14	15	16	17	18	19	20	21	22	23	24	25	26
Sample_Y_1	0.017	0.0	0.0	0.0	0.0	0.0	0.0	0.0	0.0	0.0	0.0	0.0	0.0	0.0	0.0	0.0	0.0	0.0	0.0	0.0	0.0	0.0	0.0	0.002	0.0	0.0
	1	2	3	4	5	6	7	8	9	10	12	14	16	18	20	22	24	26	28	30	32	34	36	38	40	42	44	46	48	50	52	54	56	58	60	62	64	66	68	70	72	74	76	78	80	82	84	86	88	90
Sample_Y_2	0.155	0.0	0.0	0.042	0.0	0.023	0.0	0.024	0.0	0.017499999999999998	0.0075	0.0225	0.0165	0.0165	0.0245	0.0195	0.021	0.0215	0.0275	0.027999999999999997	0.0225	0.016	0.041	0.0455	0.051500000000000004	0.0135	0.0185	0.040499999999999994	0.0245	0.053	0.0725	0.022000000000000002	0.0265	0.011000000000000001	0.0	0.0	0.0	0.0	0.0	0.001	0.0155	0.0085	0.0	0.0	0.0	0.0	0.0	0.002	0.0085	0.016
	1	2	3	4	5	6	7	8	9	10	11	12	13	14	15	16	17	18	19	20	21	22	23	24	25	26
Sample_Y_3	3.64	0.0	0.14400000000000002	0.0	0.0	0.0	0.0	0.0	0.0	0.0	0.0	0.0	0.0	0.0	0.0	0.0	0.0	0.0	0.0	0.0	0.0	0.0	0.0	0.0	0.0	0.0
	1	2	3	4	5	6	7	8	9	10	12	14	16	18	20	22	24	26	28	30	32	34	36	38	40	42	44	46	48	50	52	54	56	58	60	62	64	66	68	70	72	74	76	78	80	82	84	86	88	90	92	94	96	98
Sample_Y_4	3.148	0.044000000000000004	0.0	0.0	0.044000000000000004	0.0	0.0	0.0	0.0	0.0	0.0	0.05	0.0	0.0	0.0	0.0	0.0	0.0	0.0	0.0	0.0	0.022000000000000002	0.0	0.0	0.0	0.0	0.0	0.0	0.0	0.0	0.0	0.022000000000000002	0.0	0.0	0.0	0.0	0.0	0.0	0.022000000000000002	0.0	0.0	0.022000000000000002	0.0	0.022000000000000002	0.0	0.0	0.0	0.0	0.022000000000000002	0.0	0.0	0.022000000000000002	0.0	0.0

