	1	2	3	4	5	6	7	8	9	10	11	12	13	14	15	16	17	18	19	20	21	22	23	24	25	26
Sample_X_1	36.26767	36.3769	36.3654	36.39624	36.38026	36.43824	36.38046	36.4568	36.40328	36.39424	36.38884	36.34366	36.35992	36.35912	36.35258	36.33054	36.33408	36.34332	36.3395	36.37456	36.39828	36.39524	36.41218	36.42138	36.39398	36.33444
	1	2	3	4	5	6	7	8	9	10	12	14	16	18	20	22	24	26	28	30	32	34	36	38	40	42	44	46	48	50	52	54	56	58	60	62	64	66	68	70	72	74	76	78	80	82	84	86	88	90
Sample_X_2	36.24119	35.96206	35.93302	35.91254	35.98206	35.93443	35.8969	35.88868	35.89402	35.884275	35.844575000000006	35.775915	35.787965	35.748435	35.66710500000001	35.659774999999996	35.62025	35.592175	35.590154999999996	35.57466	35.544425000000004	35.555009999999996	35.50107	35.530375	35.489995	35.456715	35.456604999999996	35.453824999999995	35.459765000000004	35.420100000000005	35.449315	35.42194	35.400014999999996	35.41129	35.3844	35.36556	35.39017	35.33419	35.3292	35.3754	35.319495	35.280105000000006	35.30321	35.25381	35.29065	35.258669999999995	35.18419	35.20474	35.201925	35.0098
	1	2	3	4	5	6	7	8	9	10	11	12	13	14	15	16	17	18	19	20	21	22	23	24	25	26
Sample_Y_1	36.26767	36.3769	36.3654	36.39624	36.38026	36.43824	36.38046	36.4568	36.40328	36.39424	36.38884	36.34366	36.35992	36.35912	36.35258	36.33054	36.33408	36.34332	36.3395	36.37456	36.39828	36.39524	36.41218	36.42138	36.39398	36.33444
	1	2	3	4	5	6	7	8	9	10	12	14	16	18	20	22	24	26	28	30	32	34	36	38	40	42	44	46	48	50	52	54	56	58	60	62	64	66	68	70	72	74	76	78	80	82	84	86	88	90
Sample_Y_2	36.24119	35.96206	35.93302	35.91254	35.98206	35.93443	35.8969	35.88868	35.89402	35.884275	35.844575000000006	35.775915	35.787965	35.748435	35.66710500000001	35.659774999999996	35.62025	35.592175	35.590154999999996	35.57466	35.544425000000004	35.555009999999996	35.50107	35.530375	35.489995	35.456715	35.456604999999996	35.453824999999995	35.459765000000004	35.420100000000005	35.449315	35.42194	35.400014999999996	35.41129	35.3844	35.36556	35.39017	35.33419	35.3292	35.3754	35.319495	35.280105000000006	35.30321	35.25381	35.29065	35.258669999999995	35.18419	35.20474	35.201925	35.0098
	1	2	3	4	5	6	7	8	9	10	11	12	13	14	15	16	17	18	19	20	21	22	23	24	25	26
Sample_Y_3	29.473	30.8442	33.126	34.1138	34.6642	37.3114	37.51736	37.626	37.5868	37.49468	37.51652	37.55696	37.52692	37.52928	37.61376	37.41704	37.32616	37.46664	37.46888	37.37576	37.48248	37.4942	37.32344	37.26044	37.41156	37.28316
	1	2	3	4	5	6	7	8	9	10	12	14	16	18	20	22	24	26	28	30	32	34	36	38	40	42	44	46	48	50	52	54	56	58	60	62	64	66	68	70	72	74	76	78	80	82	84	86	88	90	92	94	96	98
Sample_Y_4	25.331	22.4026	24.396	26.4284	27.2234	28.24796	28.63464	28.71216	28.9352	29.046419999999998	28.78006	28.94504	28.87348	28.86618	28.86148	28.855719999999998	28.78642	28.73612	28.64274	28.64316	28.58048	28.55856	28.55902	28.53498	28.48134	28.42812	28.29476	28.34108	28.33576	28.21878	28.25712	28.21806	27.99194	27.971980000000002	27.87872	27.74552	27.53264	27.417540000000002	27.3993	27.2592	27.26666	27.163960000000003	26.49274	26.81964	27.34868	27.47144	27.29282	27.17248	27.1248	26.78388	26.78556	26.16314	26.04088	25.90392

