	22.0	23.0	24.0	25.0	26.0	27.0	28.0	29.0	30.0	31.0	32.0	33.0	34.0	35.0	36.0	37.0
Sample_X_1	1.0	17.0	29.0	60.0	112.0	192.0	314.0	585.0	823.0	1060.0	1340.0	1736.0	2414.0	4764.0	22184.0	64369.0
	10.0	11.0	12.0	13.0	14.0	15.0	16.0	17.0	18.0	19.0	20.0	21.0	22.0	23.0	24.0	25.0	26.0	27.0	28.0	29.0	30.0	31.0	32.0	33.0	34.0	35.0	36.0	37.0
Sample_X_2	1.0	0.0	4.0	26.0	122.0	249.0	299.0	312.0	267.0	236.0	305.0	386.0	525.0	621.0	613.0	578.0	525.0	537.0	572.0	613.0	744.0	920.0	1198.0	1633.0	2484.0	5936.0	60122.0	20172.0
	22.0	23.0	24.0	25.0	26.0	27.0	28.0	29.0	30.0	31.0	32.0	33.0	34.0	35.0	36.0	37.0
Sample_Y_1	1.0	17.0	29.0	60.0	112.0	192.0	314.0	585.0	823.0	1060.0	1340.0	1736.0	2414.0	4764.0	22184.0	64369.0
	10.0	11.0	12.0	13.0	14.0	15.0	16.0	17.0	18.0	19.0	20.0	21.0	22.0	23.0	24.0	25.0	26.0	27.0	28.0	29.0	30.0	31.0	32.0	33.0	34.0	35.0	36.0	37.0
Sample_Y_2	1.0	0.0	4.0	26.0	122.0	249.0	299.0	312.0	267.0	236.0	305.0	386.0	525.0	621.0	613.0	578.0	525.0	537.0	572.0	613.0	744.0	920.0	1198.0	1633.0	2484.0	5936.0	60122.0	20172.0
	22.0	23.0	24.0	25.0	26.0	27.0	28.0	29.0	30.0	31.0	32.0	33.0	34.0	35.0	36.0	37.0	38.0	39.0
Sample_Y_3	6.0	4.0	10.0	47.0	84.0	165.0	281.0	566.0	807.0	1153.0	1500.0	1678.0	1735.0	1825.0	1704.0	1746.0	2314.0	9375.0
	13.0	14.0	15.0	16.0	17.0	18.0	19.0	20.0	21.0	22.0	23.0	24.0	25.0	26.0	27.0	28.0	29.0	30.0	31.0	32.0	33.0	34.0	35.0	36.0	37.0	38.0	39.0	40.0
Sample_Y_4	42.0	217.0	688.0	1255.0	1538.0	1594.0	1495.0	1222.0	1080.0	932.0	814.0	658.0	606.0	527.0	478.0	468.0	476.0	452.0	521.0	529.0	556.0	748.0	879.0	1173.0	1622.0	2056.0	1988.0	386.0

